201				
Z	TKE	omega	TI	L
0.00000E+00	0.00000E+00	0.00000E+00	0.00000E+00	0.00000E+00
2.50000E-06	8.50348E-06	8.28686E+05	2.11241E-03	3.90990E-08
7.55000E-06	1.02470E-04	2.11896E+05	7.33294E-03	5.30803E-07
1.27000E-05	4.79932E-04	9.15250E+04	1.58697E-02	2.65955E-06
1.79500E-05	1.28524E-03	5.36673E+04	2.59697E-02	7.42232E-06
2.33000E-05	2.34463E-03	3.70789E+04	3.50758E-02	1.45100E-05
2.87600E-05	3.34788E-03	2.78081E+04	4.19132E-02	2.31191E-05
3.43300E-05	4.16708E-03	2.18843E+04	4.67605E-02	3.27749E-05
4.00100E-05	4.80795E-03	1.77993E+04	5.02275E-02	4.32847E-05
4.58000E-05	5.30890E-03	1.48279E+04	5.27791E-02	5.45984E-05
5.17000E-05	5.70222E-03	1.25886E+04	5.46991E-02	6.66503E-05
5.77200E-05	6.01530E-03	1.08602E+04	5.61806E-02	7.93503E-05
6.38500E-05	6.26988E-03	9.49781E+03	5.73570E-02	9.26326E-05
7.01000E-05	6.48199E-03	8.40110E+03	5.83190E-02	1.06482E-04
7.64800E-05	6.66209E-03	7.50219E+03	5.91236E-02	1.20886E-04
8.29800E-05	6.81748E-03	6.75438E+03	5.98090E-02	1.35826E-04
8.96100E-05	6.95360E-03	6.12431E+03	6.04030E-02	1.51288E-04
9.63700E-05	7.07453E-03	5.58747E+03	6.09259E-02	1.67260E-04
1.03250E-04	7.18336E-03	5.12554E+03	6.13927E-02	1.83731E-04
1.10270E-04	7.28245E-03	4.72460E+03	6.18146E-02	2.00693E-04
1.17430E-04	7.37363E-03	4.37392E+03	6.22003E-02	2.18136E-04
1.24720E-04	7.45832E-03	4.06507E+03	6.25564E-02	2.36053E-04
1.32160E-04	7.53766E-03	3.79134E+03	6.28881E-02	2.54439E-04
1.39740E-04	7.61256E-03	3.54738E+03	6.31997E-02	2.73285E-04
1.47460E-04	7.68374E-03	3.32883E+03	6.34944E-02	2.92585E-04
1.55330E-04	7.75178E-03	3.13213E+03	6.37749E-02	3.12333E-04
1.63360E-04	7.81715E-03	2.95433E+03	6.40431E-02	3.32524E-04
1.71530E-04	7.88025E-03	2.79299E+03	6.43010E-02	3.53149E-04
1.79860E-04	7.94138E-03	2.64606E+03	6.45499E-02	3.74202E-04
1.88360E-04	8.00081E-03	2.51178E+03	6.47909E-02	3.95679E-04
1.97010E-04	8.05875E-03	2.38870E+03	6.50250E-02	4.17570E-04
2.05820E-04	8.11538E-03	2.27554E+03	6.52530E-02	4.39873E-04
2.14810E-04	8.17083E-03	2.17123E+03	6.54755E-02	4.62578E-04
2.23960E-04	8.22523E-03	2.07483E+03	6.56930E-02	4.85679E-04
2.33290E-04	8.27866E-03	1.98553E+03	6.59060E-02	5.09168E-04
2.42790E-04	8.33121E-03	1.90262E+03	6.61148E-02	5.33040E-04
2.52470E-04	8.38294E-03	1.82548E+03	6.63197E-02	5.57287E-04
2.62330E-04	8.43390E-03	1.75356E+03	6.65209E-02	5.81904E-04
2.72380E-04	8.48413E-03	1.68639E+03	6.67186E-02	6.06880E-04
2.82610E-04	8.53365E-03	1.62354E+03	6.69130E-02	6.32211E-04
2.93030E-04	8.58249E-03	1.56464E+03	6.71042E-02	6.57885E-04
3.03650E-04	8.63067E-03	1.50934E+03	6.72922E-02	6.83900E-04
3.14470E-04	8.67818E-03	1.45735E+03	6.74771E-02	7.10245E-04
3.25480E-04	8.72505E-03	1.40839E+03	6.76591E-02	7.36917E-04
3.36700E-04	8.77127E-03	1.36223E+03	6.78380E-02	7.63903E-04
3.48120E-04	8.81683E-03	1.31865E+03	6.80139E-02	7.91196E-04
3.59760E-04	8.86173E-03	1.27746E+03	6.81868E-02	8.18784E-04
3.71610E-04	8.90596E-03	1.23847E+03	6.83568E-02	8.46666E-04
3.83670E-04	8.94951E-03	1.20152E+03	6.85237E-02	8.74835E-04
3.95950E-04	8.99237E-03	1.16647E+03	6.86875E-02	9.03277E-04
4.08460E-04	9.03452E-03	1.13318E+03	6.88483E-02	9.31990E-04
4.21190E-04	9.07595E-03	1.10154E+03	6.90060E-02	9.60955E-04
4.34150E-04	9.11664E-03	1.07143E+03	6.91605E-02	9.90173E-04
4.47350E-04	9.15657E-03	1.04276E+03	6.93117E-02	1.01962E-03
4.60780E-04	9.19572E-03	1.01542E+03	6.94598E-02	1.04931E-03
4.74450E-04	9.23408E-03	9.89334E+02	6.96045E-02	1.07922E-03
4.88370E-04	9.27162E-03	9.64426E+02	6.97458E-02	1.10934E-03
5.02530E-04	9.30833E-03	9.40621E+02	6.98837E-02	1.13967E-03
5.16950E-04	9.34418E-03	9.17853E+02	7.00182E-02	1.17019E-03
5.31620E-04	9.37915E-03	8.96061E+02	7.01491E-02	1.20089E-03
5.46540E-04	9.41323E-03	8.75188E+02	7.02764E-02	1.23176E-03
5.61730E-04	9.44639E-03	8.55183E+02	7.04001E-02	1.26279E-03
5.77180E-04	9.47862E-03	8.35995E+02	7.05201E-02	1.29398E-03
5.92910E-04	9.50989E-03	8.17582E+02	7.06363E-02	1.32530E-03
6.08900E-04	9.54018E-03	7.99901E+02	7.07488E-02	1.35675E-03
6.25170E-04	9.56949E-03	7.82913E+02	7.08573E-02	1.38832E-03
6.41730E-04	9.59778E-03	7.66583E+02	7.09620E-02	1.41998E-03
6.58560E-04	9.62504E-03	7.50877E+02	7.10628E-02	1.45174E-03
6.75690E-04	9.65125E-03	7.35764E+02	7.11595E-02	1.48358E-03
6.93100E-04	9.67642E-03	7.21217E+02	7.12522E-02	1.51548E-03
7.10810E-04	9.70055E-03	7.07184E+02	7.13410E-02	1.54747E-03
7.28810E-04	9.72367E-03	6.93555E+02	7.14260E-02	1.57976E-03
7.47120E-04	9.74568E-03	6.80225E+02	7.15069E-02	1.61254E-03
7.65740E-04	9.76631E-03	6.67172E+02	7.15825E-02	1.64583E-03
7.84660E-04	9.78527E-03	6.54426E+02	7.16521E-02	1.67951E-03
8.03900E-04	9.80241E-03	6.42020E+02	7.17149E-02	1.71347E-03
8.23460E-04	9.81771E-03	6.29963E+02	7.17709E-02	1.74762E-03
8.43330E-04	9.83118E-03	6.18245E+02	7.18202E-02	1.78197E-03
8.63530E-04	9.84287E-03	6.06845E+02	7.18630E-02	1.81652E-03
8.84060E-04	9.85277E-03	5.95745E+02	7.18992E-02	1.85130E-03
9.04910E-04	9.86087E-03	5.84929E+02	7.19289E-02	1.88631E-03
9.26110E-04	9.86718E-03	5.74389E+02	7.19520E-02	1.92153E-03
9.47640E-04	9.87169E-03	5.64113E+02	7.19685E-02	1.95698E-03
9.69510E-04	9.87439E-03	5.54093E+02	7.19784E-02	1.99265E-03
9.91730E-04	9.87530E-03	5.44321E+02	7.19818E-02	2.02851E-03
1.01429E-03	9.87442E-03	5.34786E+02	7.19787E-02	2.06459E-03
1.03721E-03	9.87174E-03	5.25481E+02	7.19690E-02	2.10086E-03
1.06049E-03	9.86729E-03	5.16398E+02	7.19529E-02	2.13733E-03
1.08412E-03	9.86105E-03	5.07529E+02	7.19302E-02	2.17399E-03
1.10811E-03	9.85305E-03	4.98869E+02	7.19011E-02	2.21083E-03
1.13247E-03	9.84328E-03	4.90410E+02	7.18656E-02	2.24785E-03
1.15720E-03	9.83176E-03	4.82146E+02	7.18236E-02	2.28504E-03
1.18230E-03	9.81849E-03	4.74069E+02	7.17752E-02	2.32241E-03
1.20777E-03	9.80349E-03	4.66175E+02	7.17205E-02	2.35993E-03
1.23362E-03	9.78676E-03	4.58459E+02	7.16593E-02	2.39760E-03
1.25985E-03	9.76831E-03	4.50915E+02	7.15919E-02	2.43541E-03
1.28646E-03	9.74816E-03	4.43538E+02	7.15181E-02	2.47336E-03
1.31346E-03	9.72631E-03	4.36325E+02	7.14380E-02	2.51143E-03
1.34084E-03	9.70279E-03	4.29270E+02	7.13517E-02	2.54962E-03
1.36862E-03	9.67760E-03	4.22370E+02	7.12591E-02	2.58790E-03
1.39679E-03	9.65076E-03	4.15620E+02	7.11603E-02	2.62628E-03
1.42535E-03	9.62228E-03	4.09016E+02	7.10553E-02	2.66475E-03
1.45431E-03	9.59217E-03	4.02556E+02	7.09442E-02	2.70327E-03
1.48367E-03	9.56045E-03	3.96233E+02	7.08269E-02	2.74186E-03
1.51343E-03	9.52713E-03	3.90047E+02	7.07035E-02	2.78049E-03
1.54359E-03	9.49223E-03	3.83992E+02	7.05739E-02	2.81916E-03
1.57416E-03	9.45575E-03	3.78066E+02	7.04383E-02	2.85784E-03
1.60513E-03	9.41772E-03	3.72266E+02	7.02966E-02	2.89652E-03
1.63651E-03	9.37815E-03	3.66588E+02	7.01489E-02	2.93520E-03
1.66830E-03	9.33705E-03	3.61031E+02	6.99951E-02	2.97384E-03
1.70051E-03	9.29444E-03	3.55591E+02	6.98353E-02	3.01244E-03
1.73312E-03	9.25033E-03	3.50266E+02	6.96695E-02	3.05097E-03
1.76614E-03	9.20475E-03	3.45053E+02	6.94978E-02	3.08943E-03
1.79958E-03	9.15771E-03	3.39949E+02	6.93201E-02	3.12779E-03
1.83343E-03	9.10921E-03	3.34952E+02	6.91364E-02	3.16603E-03
1.86769E-03	9.05929E-03	3.30060E+02	6.89468E-02	3.20414E-03
1.90237E-03	9.00795E-03	3.25271E+02	6.87512E-02	3.24209E-03
1.93746E-03	8.95521E-03	3.20582E+02	6.85498E-02	3.27987E-03
1.97297E-03	8.90109E-03	3.15992E+02	6.83425E-02	3.31744E-03
2.00889E-03	8.84560E-03	3.11498E+02	6.81292E-02	3.35479E-03
2.04522E-03	8.78876E-03	3.07098E+02	6.79101E-02	3.39191E-03
2.08196E-03	8.73060E-03	3.02790E+02	6.76851E-02	3.42877E-03
2.11912E-03	8.67112E-03	2.98572E+02	6.74543E-02	3.46534E-03
2.15669E-03	8.61033E-03	2.94443E+02	6.72176E-02	3.50160E-03
2.19466E-03	8.54827E-03	2.90400E+02	6.69750E-02	3.53753E-03
2.23305E-03	8.48493E-03	2.86442E+02	6.67265E-02	3.57310E-03
2.27184E-03	8.42035E-03	2.82567E+02	6.64722E-02	3.60829E-03
2.31103E-03	8.35454E-03	2.78773E+02	6.62121E-02	3.64307E-03
2.35063E-03	8.28751E-03	2.75059E+02	6.59460E-02	3.67742E-03
2.39062E-03	8.21928E-03	2.71423E+02	6.56741E-02	3.71131E-03
2.43102E-03	8.14987E-03	2.67863E+02	6.53964E-02	3.74473E-03
2.47180E-03	8.07929E-03	2.64378E+02	6.51127E-02	3.77762E-03
2.51298E-03	8.00755E-03	2.60966E+02	6.48231E-02	3.80999E-03
2.55455E-03	7.93467E-03	2.57625E+02	6.45275E-02	3.84179E-03
2.59650E-03	7.86067E-03	2.54354E+02	6.42260E-02	3.87301E-03
2.63884E-03	7.78555E-03	2.51151E+02	6.39185E-02	3.90362E-03
2.68155E-03	7.70932E-03	2.48014E+02	6.36050E-02	3.93359E-03
2.72463E-03	7.63200E-03	2.44942E+02	6.32853E-02	3.96290E-03
2.76808E-03	7.55360E-03	2.41933E+02	6.29595E-02	3.99153E-03
2.81190E-03	7.47412E-03	2.38985E+02	6.26275E-02	4.01945E-03
2.85608E-03	7.39356E-03	2.36097E+02	6.22892E-02	4.04663E-03
2.90061E-03	7.31193E-03	2.33266E+02	6.19445E-02	4.07307E-03
2.94549E-03	7.22923E-03	2.30491E+02	6.15933E-02	4.09873E-03
2.99071E-03	7.14546E-03	2.27769E+02	6.12355E-02	4.12361E-03
3.03628E-03	7.06061E-03	2.25099E+02	6.08710E-02	4.14768E-03
3.08217E-03	6.97468E-03	2.22479E+02	6.04995E-02	4.17091E-03
3.12839E-03	6.88766E-03	2.19906E+02	6.01211E-02	4.19330E-03
3.17493E-03	6.79954E-03	2.17379E+02	5.97353E-02	4.21483E-03
3.22178E-03	6.71030E-03	2.14894E+02	5.93421E-02	4.23549E-03
3.26894E-03	6.61992E-03	2.12450E+02	5.89412E-02	4.25527E-03
3.31639E-03	6.52838E-03	2.10043E+02	5.85324E-02	4.27417E-03
3.36414E-03	6.43567E-03	2.07672E+02	5.81154E-02	4.29217E-03
3.41217E-03	6.34173E-03	2.05333E+02	5.76897E-02	4.30926E-03
3.46048E-03	6.24653E-03	2.03023E+02	5.72552E-02	4.32545E-03
3.50905E-03	6.15003E-03	2.00739E+02	5.68113E-02	4.34075E-03
3.55789E-03	6.05220E-03	1.98478E+02	5.63578E-02	4.35514E-03
3.60698E-03	5.95304E-03	1.96237E+02	5.58942E-02	4.36864E-03
3.65631E-03	5.85252E-03	1.94013E+02	5.54204E-02	4.38125E-03
3.70587E-03	5.75063E-03	1.91803E+02	5.49359E-02	4.39299E-03
3.75566E-03	5.64736E-03	1.89605E+02	5.44406E-02	4.40383E-03
3.80566E-03	5.54274E-03	1.87415E+02	5.39340E-02	4.41383E-03
3.85588E-03	5.43675E-03	1.85233E+02	5.34159E-02	4.42292E-03
3.90629E-03	5.32940E-03	1.83053E+02	5.28860E-02	4.43118E-03
3.95689E-03	5.22056E-03	1.80871E+02	5.23433E-02	4.43861E-03
4.00766E-03	5.10991E-03	1.78676E+02	5.17858E-02	4.44527E-03
4.05861E-03	4.99679E-03	1.76450E+02	5.12095E-02	4.45124E-03
4.10971E-03	4.88096E-03	1.74223E+02	5.06126E-02	4.45558E-03
4.16096E-03	4.76226E-03	1.72018E+02	4.99936E-02	4.45749E-03
4.21235E-03	4.64047E-03	1.69818E+02	4.93503E-02	4.45712E-03
4.26387E-03	4.51628E-03	1.67599E+02	4.86856E-02	4.45530E-03
4.31550E-03	4.39189E-03	1.65347E+02	4.80106E-02	4.45335E-03
4.36724E-03	4.27099E-03	1.63089E+02	4.73456E-02	4.45243E-03
4.41908E-03	4.15716E-03	1.60875E+02	4.67109E-02	4.45315E-03
4.47100E-03	4.05091E-03	1.58741E+02	4.61107E-02	4.45497E-03
4.52299E-03	3.94862E-03	1.56663E+02	4.55251E-02	4.45670E-03
4.57505E-03	3.84772E-03	1.54619E+02	4.49400E-02	4.45755E-03
4.62716E-03	3.74828E-03	1.52607E+02	4.43557E-02	4.45758E-03
4.67931E-03	3.65038E-03	1.50624E+02	4.37729E-02	4.45689E-03
4.73149E-03	3.55414E-03	1.48665E+02	4.31923E-02	4.45570E-03
4.78370E-03	3.45970E-03	1.46728E+02	4.26149E-02	4.45414E-03
4.83591E-03	3.36722E-03	1.44811E+02	4.20418E-02	4.45237E-03
4.88811E-03	3.27685E-03	1.42913E+02	4.14741E-02	4.45055E-03
4.94030E-03	3.18877E-03	1.41034E+02	4.09133E-02	4.44882E-03
4.99247E-03	3.10320E-03	1.39176E+02	4.03610E-02	4.44732E-03
5.04460E-03	3.02035E-03	1.37340E+02	3.98189E-02	4.44620E-03
5.09669E-03	2.94044E-03	1.35529E+02	3.92890E-02	4.44561E-03
5.14871E-03	2.86372E-03	1.33749E+02	3.87734E-02	4.44562E-03
5.20067E-03	2.79043E-03	1.32004E+02	3.82745E-02	4.44637E-03
5.25255E-03	2.72084E-03	1.30301E+02	3.77946E-02	4.44796E-03
5.30433E-03	2.65518E-03	1.28647E+02	3.73362E-02	4.45046E-03
5.35602E-03	2.59367E-03	1.27047E+02	3.69016E-02	4.45400E-03
5.40759E-03	2.53651E-03	1.25508E+02	3.64931E-02	4.45866E-03
5.45904E-03	2.48387E-03	1.24032E+02	3.61128E-02	4.46466E-03
5.51036E-03	2.43587E-03	1.22617E+02	3.57625E-02	4.47233E-03
5.56153E-03	2.39312E-03	1.21314E+02	3.54476E-02	4.48052E-03
5.61255E-03	2.35628E-03	1.20175E+02	3.51740E-02	4.48804E-03
5.66341E-03	2.32549E-03	1.19211E+02	3.49437E-02	4.49468E-03
5.71409E-03	2.30087E-03	1.18430E+02	3.47585E-02	4.50030E-03
5.76459E-03	2.28250E-03	1.17840E+02	3.46196E-02	4.50474E-03
5.81490E-03	2.27041E-03	1.17445E+02	3.45279E-02	4.50791E-03
5.86500E-03	2.26467E-03	1.17246E+02	3.44843E-02	4.50985E-03
				
